EXPERIMENT 2: DATASET INSPECTION AND AUDIT

Source file: data\wdbc.data
Rows: 569
Columns: 32
Predictive numeric features: 30
Missing values: 0
Duplicate rows: 0
Unique IDs: 569

Diagnosis distribution:
  B: 357 (62.74%)
  M: 212 (37.26%)

Data types:
float64    30
int64       1
str         1

Statistics:
       radius_mean  texture_mean  perimeter_mean  area_mean  smoothness_mean  compactness_mean  concavity_mean  concave_points_mean  symmetry_mean  fractal_dimension_mean  radius_se  texture_se  perimeter_se  area_se  smoothness_se  compactness_se  concavity_se  concave_points_se  symmetry_se  fractal_dimension_se  radius_worst  texture_worst  perimeter_worst  area_worst  smoothness_worst  compactness_worst  concavity_worst  concave_points_worst  symmetry_worst  fractal_dimension_worst
count      569.000       569.000         569.000    569.000          569.000           569.000         569.000              569.000        569.000                 569.000    569.000     569.000       569.000  569.000        569.000         569.000       569.000            569.000      569.000               569.000       569.000        569.000          569.000     569.000           569.000            569.000          569.000               569.000         569.000                  569.000
mean        14.127        19.290          91.969    654.889            0.096             0.104           0.089                0.049          0.181                   0.063      0.405       1.217         2.866   40.337          0.007           0.025         0.032              0.012        0.021                 0.004        16.269         25.677          107.261     880.583             0.132              0.254            0.272                 0.115           0.290                    0.084
std          3.524         4.301          24.299    351.914            0.014             0.053           0.080                0.039          0.027                   0.007      0.277       0.552         2.022   45.491          0.003           0.018         0.030              0.006        0.008                 0.003         4.833          6.146           33.603     569.357             0.023              0.157            0.209                 0.066           0.062                    0.018
min          6.981         9.710          43.790    143.500            0.053             0.019           0.000                0.000          0.106                   0.050      0.112       0.360         0.757    6.802          0.002           0.002         0.000              0.000        0.008                 0.001         7.930         12.020           50.410     185.200             0.071              0.027            0.000                 0.000           0.156                    0.055
25%         11.700        16.170          75.170    420.300            0.086             0.065           0.030                0.020          0.162                   0.058      0.232       0.834         1.606   17.850          0.005           0.013         0.015              0.008        0.015                 0.002        13.010         21.080           84.110     515.300             0.117              0.147            0.114                 0.065           0.250                    0.071
50%         13.370        18.840          86.240    551.100            0.096             0.093           0.062                0.034          0.179                   0.062      0.324       1.108         2.287   24.530          0.006           0.020         0.026              0.011        0.019                 0.003        14.970         25.410           97.660     686.500             0.131              0.212            0.227                 0.100           0.282                    0.080
75%         15.780        21.800         104.100    782.700            0.105             0.130           0.131                0.074          0.196                   0.066      0.479       1.474         3.357   45.190          0.008           0.032         0.042              0.015        0.023                 0.005        18.790         29.720          125.400    1084.000             0.146              0.339            0.383                 0.161           0.318                    0.092
max         28.110        39.280         188.500   2501.000            0.163             0.345           0.427                0.201          0.304                   0.097      2.873       4.885        21.980  542.200          0.031           0.135         0.396              0.053        0.079                 0.030        36.040         49.540          251.200    4254.000             0.223              1.058            1.252                 0.291           0.664                    0.208